"","sales","resale","type","price","engine_s","horsepow","wheelbas","width","length","curb_wgt","fuel_cap","mpg","lnsales"
"sales",1,-0.279033676307129,0.242182994540168,-0.304734454129412,0.0199831960075449,-0.197756247220166,0.358179101493684,0.140918318721046,0.254979538212506,0.00862804588533401,0.0865396455843202,-0.0166805789075177,0.731169726767341
"resale",-0.279033676307129,1,-0.089359604197898,0.953840371365319,0.531329677801715,0.769081356945584,-0.0522701028507522,0.178767106234837,0.0265475274920404,0.361557063334172,0.325566685697035,-0.400512455452146,-0.52521198594177
"type",0.242182994540168,-0.089359604197898,1,-0.044145335176524,0.258901832743783,0.0046887815064242,0.388008706369149,0.246183310314667,0.135259084661839,0.522773287067456,0.59746881115455,-0.574963888767586,0.273499956558058
"price",-0.304734454129412,0.953840371365319,-0.044145335176524,1,0.626874752069638,0.839744161058053,0.110513238959286,0.329136355329892,0.156935280036483,0.526224215560515,0.423281613677746,-0.492403568191252,-0.552538282982983
"engine_s",0.0199831960075449,0.531329677801715,0.258901832743783,0.626874752069638,1,0.83735977202345,0.47213042094698,0.690397942540623,0.541424213498555,0.760043024147271,0.663021847044319,-0.734625271283319,-0.138993978214683
"horsepow",-0.197756247220166,0.769081356945584,0.0046887815064242,0.839744161058053,0.83735977202345,1,0.286308081744323,0.539157737638238,0.393363520320227,0.610131487848259,0.499906953818348,-0.611411015643129,-0.38676245946056
"wheelbas",0.358179101493684,-0.0522701028507522,0.388008706369149,0.110513238959286,0.47213042094698,0.286308081744323,1,0.683134571396917,0.839638959109645,0.651015693185603,0.654044378585756,-0.498089947237016,0.292931373897912
"width",0.140918318721046,0.178767106234837,0.246183310314667,0.329136355329892,0.690397942540623,0.539157737638238,0.683134571396917,1,0.710434890228813,0.720927133917546,0.656301789230376,-0.602645084082689,0.0411910875915575
"length",0.254979538212506,0.0265475274920404,0.135259084661839,0.156935280036483,0.541424213498555,0.393363520320227,0.839638959109645,0.710434890228813,1,0.627163155189638,0.563539725703211,-0.446900106240087,0.216933423091083
"curb_wgt",0.00862804588533401,0.361557063334172,0.522773287067456,0.526224215560515,0.760043024147271,0.610131487848259,0.651015693185603,0.720927133917546,0.627163155189638,1,0.863967952466522,-0.818492360161949,-0.0400536207538574
"fuel_cap",0.0865396455843202,0.325566685697035,0.59746881115455,0.423281613677746,0.663021847044319,0.499906953818348,0.654044378585756,0.656301789230376,0.563539725703211,0.863967952466522,1,-0.801604093010943,-0.016649391173961
"mpg",-0.0166805789075177,-0.400512455452146,-0.574963888767586,-0.492403568191252,-0.734625271283319,-0.611411015643129,-0.498089947237016,-0.602645084082689,-0.446900106240087,-0.818492360161949,-0.801604093010943,1,0.120049937236223
"lnsales",0.731169726767341,-0.52521198594177,0.273499956558058,-0.552538282982983,-0.138993978214683,-0.38676245946056,0.292931373897912,0.0411910875915575,0.216933423091083,-0.0400536207538574,-0.016649391173961,0.120049937236223,1
